32 32
4
0 0 0 0 0 0 0 0 0 0 0 0 0 0 0 0 0 0 0 0 46 52 54 255 46 52 54 255 46 52 54 255 46 52 54 255 46 52 54 255 46 52 54 255 46 52 54 255 46 52 54 255 46 52 54 255 0 0 0 0 0 0 0 0 0 0 0 0 0 0 0 0 46 52 54 255 46 52 54 255 46 52 54 255 46 52 54 255 46 52 54 255 46 52 54 255 46 52 54 255 46 52 54 255 46 52 54 255 0 0 0 0 0 0 0 0 0 0 0 0 0 0 0 0 0 0 0 0 
0 0 0 0 0 0 0 0 0 0 0 0 46 52 54 255 46 52 54 255 46 52 54 255 46 52 54 255 46 52 54 255 46 52 54 255 46 52 54 255 46 52 54 255 46 52 54 255 46 52 54 255 46 52 54 255 0 0 0 0 0 0 0 0 0 0 0 0 0 0 0 0 46 52 54 255 46 52 54 255 46 52 54 255 46 52 54 255 46 52 54 255 46 52 54 255 46 52 54 255 46 52 54 255 46 52 54 255 46 52 54 255 46 52 54 255 0 0 0 0 0 0 0 0 0 0 0 0 
0 0 0 0 0 0 0 0 46 52 54 255 46 52 54 255 46 52 54 255 46 52 54 255 46 52 54 255 46 52 54 255 239 41 41 255 46 52 54 255 46 52 54 255 46 52 54 255 46 52 54 255 46 52 54 255 0 0 0 0 0 0 0 0 0 0 0 0 0 0 0 0 46 52 54 255 46 52 54 255 46 52 54 255 46 52 54 255 46 52 54 255 239 41 41 255 46 52 54 255 46 52 54 255 46 52 54 255 46 52 54 255 46 52 54 255 46 52 54 255 0 0 0 0 0 0 0 0 
0 0 0 0 0 0 0 0 46 52 54 255 46 52 54 255 46 52 54 255 46 52 54 255 239 41 41 255 239 41 41 255 239 41 41 255 239 41 41 255 46 52 54 255 46 52 54 255 46 52 54 255 46 52 54 255 0 0 0 0 0 0 0 0 0 0 0 0 0 0 0 0 46 52 54 255 46 52 54 255 46 52 54 255 46 52 54 255 239 41 41 255 239 41 41 255 239 41 41 255 239 41 41 255 46 52 54 255 46 52 54 255 46 52 54 255 46 52 54 255 0 0 0 0 0 0 0 0 
0 0 0 0 0 0 0 0 46 52 54 255 46 52 54 255 46 52 54 255 46 52 54 255 46 52 54 255 239 41 41 255 239 41 41 255 46 52 54 255 46 52 54 255 46 52 54 255 46 52 54 255 46 52 54 255 46 52 54 255 46 52 54 255 46 52 54 255 46 52 54 255 46 52 54 255 46 52 54 255 46 52 54 255 46 52 54 255 46 52 54 255 239 41 41 255 239 41 41 255 46 52 54 255 46 52 54 255 46 52 54 255 46 52 54 255 46 52 54 255 0 0 0 0 0 0 0 0 
0 0 0 0 0 0 0 0 0 0 0 0 46 52 54 255 46 52 54 255 46 52 54 255 46 52 54 255 46 52 54 255 46 52 54 255 46 52 54 255 46 52 54 255 46 52 54 255 46 52 54 255 46 52 54 255 46 52 54 255 46 52 54 255 46 52 54 255 46 52 54 255 46 52 54 255 46 52 54 255 46 52 54 255 46 52 54 255 46 52 54 255 46 52 54 255 46 52 54 255 46 52 54 255 46 52 54 255 46 52 54 255 46 52 54 255 0 0 0 0 0 0 0 0 0 0 0 0 
0 0 0 0 0 0 0 0 0 0 0 0 46 52 54 255 46 52 54 255 46 52 54 255 46 52 54 255 46 52 54 255 46 52 54 255 46 52 54 255 46 52 54 255 46 52 54 255 46 52 54 255 46 52 54 255 46 52 54 255 46 52 54 255 46 52 54 255 46 52 54 255 46 52 54 255 46 52 54 255 46 52 54 255 46 52 54 255 46 52 54 255 46 52 54 255 46 52 54 255 46 52 54 255 46 52 54 255 46 52 54 255 46 52 54 255 0 0 0 0 0 0 0 0 0 0 0 0 
0 0 0 0 0 0 0 0 0 0 0 0 0 0 0 0 46 52 54 255 46 52 54 255 46 52 54 255 46 52 54 255 46 52 54 255 46 52 54 255 46 52 54 255 46 52 54 255 46 52 54 255 46 52 54 255 46 52 54 255 46 52 54 255 46 52 54 255 46 52 54 255 46 52 54 255 46 52 54 255 46 52 54 255 46 52 54 255 46 52 54 255 46 52 54 255 46 52 54 255 46 52 54 255 46 52 54 255 46 52 54 255 0 0 0 0 0 0 0 0 0 0 0 0 0 0 0 0 
0 0 0 0 0 0 0 0 0 0 0 0 0 0 0 0 0 0 0 0 0 0 0 0 0 0 0 0 46 52 54 255 46 52 54 255 46 52 54 255 0 0 0 0 0 0 0 0 0 0 0 0 0 0 0 0 46 52 54 255 46 52 54 255 46 52 54 255 46 52 54 255 0 0 0 0 0 0 0 0 0 0 0 0 0 0 0 0 46 52 54 255 46 52 54 255 46 52 54 255 0 0 0 0 0 0 0 0 0 0 0 0 0 0 0 0 0 0 0 0 0 0 0 0 0 0 0 0 
0 0 0 0 0 0 0 0 0 0 0 0 0 0 0 0 0 0 0 0 0 0 0 0 0 0 0 0 46 52 54 255 46 52 54 255 46 52 54 255 0 0 0 0 0 0 0 0 0 0 0 0 0 0 0 0 0 0 0 0 0 0 0 0 0 0 0 0 0 0 0 0 0 0 0 0 0 0 0 0 0 0 0 0 0 0 0 0 46 52 54 255 46 52 54 255 46 52 54 255 0 0 0 0 0 0 0 0 0 0 0 0 0 0 0 0 0 0 0 0 0 0 0 0 0 0 0 0 
0 0 0 0 0 0 0 0 0 0 0 0 0 0 0 255 0 0 0 255 0 0 0 255 0 0 0 0 46 52 54 255 46 52 54 255 46 52 54 255 0 0 0 0 0 0 0 0 0 0 0 0 0 0 0 0 0 0 0 0 0 0 0 0 0 0 0 0 0 0 0 0 0 0 0 0 0 0 0 0 0 0 0 0 0 0 0 0 46 52 54 255 46 52 54 255 46 52 54 255 0 0 0 0 0 0 0 255 0 0 0 255 0 0 0 255 0 0 0 0 0 0 0 0 0 0 0 0 
0 0 0 255 0 0 0 255 0 0 0 0 0 0 0 255 0 0 0 0 0 0 0 255 0 0 0 255 46 52 54 255 46 52 54 255 46 52 54 255 0 0 0 0 0 0 0 0 0 0 0 0 0 0 0 0 0 0 0 0 0 0 0 0 0 0 0 0 0 0 0 0 0 0 0 0 0 0 0 0 0 0 0 0 0 0 0 0 46 52 54 255 46 52 54 255 46 52 54 255 0 0 0 255 0 0 0 255 0 0 0 0 0 0 0 255 0 0 0 0 0 0 0 255 0 0 0 255 
0 0 0 255 0 0 0 255 0 0 0 0 0 0 0 255 0 0 0 0 0 0 0 0 0 0 0 255 0 0 0 255 46 52 54 255 46 52 54 255 0 0 0 0 0 0 0 0 0 0 0 0 46 52 54 255 46 52 54 255 46 52 54 255 46 52 54 255 46 52 54 255 46 52 54 255 0 0 0 0 0 0 0 0 0 0 0 0 46 52 54 255 46 52 54 255 0 0 0 255 0 0 0 255 0 0 0 0 0 0 0 0 0 0 0 255 0 0 0 0 0 0 0 255 0 0 0 255 
0 0 0 0 0 0 0 255 0 0 0 255 0 0 0 255 0 0 0 0 0 0 0 0 0 0 0 0 46 52 54 255 46 52 54 255 46 52 54 255 0 0 0 0 0 0 0 0 46 52 54 255 46 52 54 255 46 52 54 255 46 52 54 255 46 52 54 255 46 52 54 255 46 52 54 255 46 52 54 255 0 0 0 0 0 0 0 0 46 52 54 255 46 52 54 255 46 52 54 255 0 0 0 0 0 0 0 0 0 0 0 0 0 0 0 255 0 0 0 255 0 0 0 255 0 0 0 0 
0 0 0 0 0 0 0 0 0 0 0 0 0 0 0 0 0 0 0 0 0 0 0 0 0 0 0 0 46 52 54 255 46 52 54 255 46 52 54 255 0 0 0 0 0 0 0 0 46 52 54 255 46 52 54 255 46 52 54 255 46 52 54 255 46 52 54 255 46 52 54 255 46 52 54 255 46 52 54 255 0 0 0 0 0 0 0 0 46 52 54 255 46 52 54 255 46 52 54 255 0 0 0 0 0 0 0 0 0 0 0 0 0 0 0 0 0 0 0 0 0 0 0 0 0 0 0 0 
0 0 0 0 0 0 0 0 0 0 0 0 0 0 0 0 0 0 0 0 0 0 0 0 0 0 0 0 46 52 54 255 46 52 54 255 46 52 54 255 0 0 0 0 46 52 54 255 46 52 54 255 46 52 54 255 46 52 54 255 0 0 0 0 0 0 0 0 46 52 54 255 46 52 54 255 46 52 54 255 46 52 54 255 0 0 0 0 46 52 54 255 46 52 54 255 46 52 54 255 0 0 0 0 0 0 0 0 0 0 0 0 0 0 0 0 0 0 0 0 0 0 0 0 0 0 0 0 
0 0 0 0 0 0 0 0 0 0 0 0 0 0 0 0 0 0 0 0 0 0 0 0 0 0 0 0 46 52 54 255 46 52 54 255 46 52 54 255 0 0 0 0 46 52 54 255 46 52 54 255 46 52 54 255 46 52 54 255 0 0 0 0 0 0 0 0 46 52 54 255 46 52 54 255 46 52 54 255 46 52 54 255 0 0 0 0 46 52 54 255 46 52 54 255 46 52 54 255 0 0 0 0 0 0 0 0 0 0 0 0 0 0 0 0 0 0 0 0 0 0 0 0 0 0 0 0 
0 0 0 0 0 0 0 0 0 0 0 0 0 0 0 0 0 0 0 0 0 0 0 0 0 0 0 0 46 52 54 255 46 52 54 255 46 52 54 255 46 52 54 255 46 52 54 255 46 52 54 255 46 52 54 255 0 0 0 0 0 0 0 0 0 0 0 0 0 0 0 0 46 52 54 255 46 52 54 255 46 52 54 255 46 52 54 255 46 52 54 255 46 52 54 255 46 52 54 255 0 0 0 0 0 0 0 0 0 0 0 0 0 0 0 0 0 0 0 0 0 0 0 0 0 0 0 0 
0 0 0 0 0 0 0 0 0 0 0 0 0 0 0 0 0 0 0 0 0 0 0 0 0 0 0 0 46 52 54 255 46 52 54 255 46 52 54 255 46 52 54 255 46 52 54 255 46 52 54 255 46 52 54 255 0 0 0 0 0 0 0 0 0 0 0 0 0 0 0 0 46 52 54 255 46 52 54 255 46 52 54 255 46 52 54 255 46 52 54 255 46 52 54 255 46 52 54 255 0 0 0 0 0 0 0 0 0 0 0 0 0 0 0 0 0 0 0 0 0 0 0 0 0 0 0 0 
0 0 0 0 0 0 0 0 0 0 0 0 0 0 0 0 0 0 0 0 0 0 0 0 0 0 0 0 46 52 54 255 46 52 54 255 46 52 54 255 46 52 54 255 46 52 54 255 46 52 54 255 0 0 0 0 0 0 0 0 0 0 0 0 0 0 0 0 0 0 0 0 0 0 0 0 46 52 54 255 46 52 54 255 46 52 54 255 46 52 54 255 46 52 54 255 46 52 54 255 0 0 0 0 0 0 0 0 0 0 0 0 0 0 0 0 0 0 0 0 0 0 0 0 0 0 0 0 
0 0 0 0 0 0 0 0 0 0 0 0 0 0 0 0 0 0 0 0 0 0 0 0 0 0 0 0 46 52 54 255 46 52 54 255 46 52 54 255 46 52 54 255 46 52 54 255 46 52 54 255 0 0 0 0 0 0 0 0 0 0 0 0 0 0 0 0 0 0 0 0 0 0 0 0 46 52 54 255 46 52 54 255 46 52 54 255 46 52 54 255 46 52 54 255 46 52 54 255 0 0 0 0 0 0 0 0 0 0 0 0 0 0 0 0 0 0 0 0 0 0 0 0 0 0 0 0 
0 0 0 0 0 0 0 0 0 0 0 0 0 0 0 0 0 0 0 0 0 0 0 0 0 0 0 0 46 52 54 255 46 52 54 255 46 52 54 255 46 52 54 255 46 52 54 255 0 0 0 0 0 0 0 0 0 0 0 0 0 0 0 0 0 0 0 0 0 0 0 0 0 0 0 0 0 0 0 0 46 52 54 255 46 52 54 255 46 52 54 255 46 52 54 255 46 52 54 255 0 0 0 0 0 0 0 0 0 0 0 0 0 0 0 0 0 0 0 0 0 0 0 0 0 0 0 0 
0 0 0 0 0 0 0 0 0 0 0 0 0 0 0 0 0 0 0 0 0 0 0 0 0 0 0 0 46 52 54 255 46 52 54 255 46 52 54 255 46 52 54 255 46 52 54 255 0 0 0 0 0 0 0 0 0 0 0 0 0 0 0 0 0 0 0 0 0 0 0 0 0 0 0 0 0 0 0 0 46 52 54 255 46 52 54 255 46 52 54 255 46 52 54 255 46 52 54 255 0 0 0 0 0 0 0 0 0 0 0 0 0 0 0 0 0 0 0 0 0 0 0 0 0 0 0 0 
0 0 0 0 0 0 0 0 0 0 0 0 0 0 0 0 0 0 0 0 0 0 0 0 0 0 0 0 46 52 54 255 46 52 54 255 46 52 54 255 46 52 54 255 0 0 0 0 0 0 0 0 0 0 0 0 0 0 0 0 0 0 0 0 0 0 0 0 0 0 0 0 0 0 0 0 0 0 0 0 0 0 0 0 46 52 54 255 46 52 54 255 46 52 54 255 46 52 54 255 0 0 0 0 0 0 0 0 0 0 0 0 0 0 0 0 0 0 0 0 0 0 0 0 0 0 0 0 
0 0 0 0 0 0 0 0 0 0 0 0 0 0 0 0 0 0 0 0 0 0 0 0 0 0 0 0 46 52 54 255 46 52 54 255 46 52 54 255 46 52 54 255 0 0 0 0 0 0 0 0 0 0 0 0 0 0 0 0 0 0 0 0 0 0 0 0 0 0 0 0 0 0 0 0 0 0 0 0 0 0 0 0 46 52 54 255 46 52 54 255 46 52 54 255 46 52 54 255 0 0 0 0 0 0 0 0 0 0 0 0 0 0 0 0 0 0 0 0 0 0 0 0 0 0 0 0 
0 0 0 0 0 0 0 0 0 0 0 0 0 0 0 0 0 0 0 0 0 0 0 0 46 52 54 255 46 52 54 255 46 52 54 255 46 52 54 255 0 0 0 0 0 0 0 0 0 0 0 0 0 0 0 0 0 0 0 0 0 0 0 0 0 0 0 0 0 0 0 0 0 0 0 0 0 0 0 0 0 0 0 0 0 0 0 0 46 52 54 255 46 52 54 255 46 52 54 255 46 52 54 255 0 0 0 0 0 0 0 0 0 0 0 0 0 0 0 0 0 0 0 0 0 0 0 0 
0 0 0 0 0 0 0 0 0 0 0 0 0 0 0 0 0 0 0 0 0 0 0 0 46 52 54 255 46 52 54 255 46 52 54 255 46 52 54 255 0 0 0 0 0 0 0 0 0 0 0 0 0 0 0 0 0 0 0 0 0 0 0 0 0 0 0 0 0 0 0 0 0 0 0 0 0 0 0 0 0 0 0 0 0 0 0 0 46 52 54 255 46 52 54 255 46 52 54 255 46 52 54 255 0 0 0 0 0 0 0 0 0 0 0 0 0 0 0 0 0 0 0 0 0 0 0 0 
0 0 0 0 0 0 0 0 0 0 0 0 0 0 0 0 0 0 0 0 46 52 54 255 46 52 54 255 46 52 54 255 46 52 54 255 0 0 0 0 0 0 0 0 0 0 0 0 0 0 0 0 0 0 0 0 0 0 0 0 0 0 0 0 0 0 0 0 0 0 0 0 0 0 0 0 0 0 0 0 0 0 0 0 0 0 0 0 0 0 0 0 46 52 54 255 46 52 54 255 46 52 54 255 46 52 54 255 0 0 0 0 0 0 0 0 0 0 0 0 0 0 0 0 0 0 0 0 
0 0 0 0 0 0 0 0 0 0 0 0 0 0 0 0 0 0 0 0 46 52 54 255 46 52 54 255 46 52 54 255 46 52 54 255 0 0 0 0 0 0 0 0 0 0 0 0 0 0 0 0 0 0 0 0 0 0 0 0 0 0 0 0 0 0 0 0 0 0 0 0 0 0 0 0 0 0 0 0 0 0 0 0 0 0 0 0 0 0 0 0 46 52 54 255 46 52 54 255 46 52 54 255 46 52 54 255 0 0 0 0 0 0 0 0 0 0 0 0 0 0 0 0 0 0 0 0 
0 0 0 0 0 0 0 0 0 0 0 0 0 0 0 0 0 0 0 0 46 52 54 255 46 52 54 255 46 52 54 255 0 0 0 0 0 0 0 0 0 0 0 0 0 0 0 0 0 0 0 0 0 0 0 0 0 0 0 0 0 0 0 0 0 0 0 0 0 0 0 0 0 0 0 0 0 0 0 0 0 0 0 0 0 0 0 0 0 0 0 0 0 0 0 0 46 52 54 255 46 52 54 255 46 52 54 255 0 0 0 0 0 0 0 0 0 0 0 0 0 0 0 0 0 0 0 0 
0 0 0 0 0 0 0 0 0 0 0 0 0 0 0 0 0 0 0 0 46 52 54 255 46 52 54 255 46 52 54 255 0 0 0 0 0 0 0 0 0 0 0 0 0 0 0 0 0 0 0 0 0 0 0 0 0 0 0 0 0 0 0 0 0 0 0 0 0 0 0 0 0 0 0 0 0 0 0 0 0 0 0 0 0 0 0 0 0 0 0 0 0 0 0 0 46 52 54 255 46 52 54 255 46 52 54 255 0 0 0 0 0 0 0 0 0 0 0 0 0 0 0 0 0 0 0 0 
0 0 0 0 0 0 0 0 0 0 0 0 0 0 0 0 0 0 0 0 0 0 0 0 0 0 0 0 0 0 0 0 0 0 0 0 0 0 0 0 0 0 0 0 0 0 0 0 0 0 0 0 0 0 0 0 0 0 0 0 0 0 0 0 0 0 0 0 0 0 0 0 0 0 0 0 0 0 0 0 0 0 0 0 0 0 0 0 0 0 0 0 0 0 0 0 0 0 0 0 0 0 0 0 0 0 0 0 0 0 0 0 0 0 0 0 0 0 0 0 0 0 0 0 0 0 0 0 
0 0 0 0 0 0 0 0 0 0 0 0 0 0 0 0 0 0 0 0 46 52 54 255 46 52 54 255 46 52 54 255 46 52 54 255 46 52 54 255 46 52 54 255 46 52 54 255 46 52 54 255 46 52 54 255 0 0 0 0 0 0 0 0 0 0 0 0 0 0 0 0 46 52 54 255 46 52 54 255 46 52 54 255 46 52 54 255 46 52 54 255 46 52 54 255 46 52 54 255 46 52 54 255 46 52 54 255 0 0 0 0 0 0 0 0 0 0 0 0 0 0 0 0 0 0 0 0 
0 0 0 0 0 0 0 0 0 0 0 0 46 52 54 255 46 52 54 255 46 52 54 255 46 52 54 255 46 52 54 255 46 52 54 255 46 52 54 255 46 52 54 255 46 52 54 255 46 52 54 255 46 52 54 255 0 0 0 0 0 0 0 0 0 0 0 0 0 0 0 0 46 52 54 255 46 52 54 255 46 52 54 255 46 52 54 255 46 52 54 255 46 52 54 255 46 52 54 255 46 52 54 255 46 52 54 255 46 52 54 255 46 52 54 255 0 0 0 0 0 0 0 0 0 0 0 0 
0 0 0 0 0 0 0 0 46 52 54 255 46 52 54 255 46 52 54 255 46 52 54 255 46 52 54 255 46 52 54 255 52 101 164 255 46 52 54 255 46 52 54 255 46 52 54 255 46 52 54 255 46 52 54 255 0 0 0 0 0 0 0 0 0 0 0 0 0 0 0 0 46 52 54 255 46 52 54 255 46 52 54 255 46 52 54 255 46 52 54 255 52 101 164 255 46 52 54 255 46 52 54 255 46 52 54 255 46 52 54 255 46 52 54 255 46 52 54 255 0 0 0 0 0 0 0 0 
0 0 0 0 0 0 0 0 46 52 54 255 46 52 54 255 46 52 54 255 46 52 54 255 52 101 164 255 52 101 164 255 52 101 164 255 52 101 164 255 46 52 54 255 46 52 54 255 46 52 54 255 46 52 54 255 0 0 0 0 0 0 0 0 0 0 0 0 0 0 0 0 46 52 54 255 46 52 54 255 46 52 54 255 46 52 54 255 52 101 164 255 52 101 164 255 52 101 164 255 52 101 164 255 46 52 54 255 46 52 54 255 46 52 54 255 46 52 54 255 0 0 0 0 0 0 0 0 
0 0 0 0 0 0 0 0 46 52 54 255 46 52 54 255 46 52 54 255 46 52 54 255 46 52 54 255 52 101 164 255 52 101 164 255 46 52 54 255 46 52 54 255 46 52 54 255 46 52 54 255 46 52 54 255 46 52 54 255 46 52 54 255 46 52 54 255 46 52 54 255 46 52 54 255 46 52 54 255 46 52 54 255 46 52 54 255 46 52 54 255 52 101 164 255 52 101 164 255 46 52 54 255 46 52 54 255 46 52 54 255 46 52 54 255 46 52 54 255 0 0 0 0 0 0 0 0 
0 0 0 0 0 0 0 0 0 0 0 0 46 52 54 255 46 52 54 255 46 52 54 255 46 52 54 255 46 52 54 255 46 52 54 255 46 52 54 255 46 52 54 255 46 52 54 255 46 52 54 255 46 52 54 255 46 52 54 255 46 52 54 255 46 52 54 255 46 52 54 255 46 52 54 255 46 52 54 255 46 52 54 255 46 52 54 255 46 52 54 255 46 52 54 255 46 52 54 255 46 52 54 255 46 52 54 255 46 52 54 255 46 52 54 255 0 0 0 0 0 0 0 0 0 0 0 0 
0 0 0 0 0 0 0 0 0 0 0 0 46 52 54 255 46 52 54 255 46 52 54 255 46 52 54 255 46 52 54 255 46 52 54 255 46 52 54 255 46 52 54 255 46 52 54 255 46 52 54 255 46 52 54 255 46 52 54 255 46 52 54 255 46 52 54 255 46 52 54 255 46 52 54 255 46 52 54 255 46 52 54 255 46 52 54 255 46 52 54 255 46 52 54 255 46 52 54 255 46 52 54 255 46 52 54 255 46 52 54 255 46 52 54 255 0 0 0 0 0 0 0 0 0 0 0 0 
0 0 0 0 0 0 0 0 0 0 0 0 0 0 0 0 46 52 54 255 46 52 54 255 46 52 54 255 46 52 54 255 46 52 54 255 46 52 54 255 46 52 54 255 46 52 54 255 46 52 54 255 46 52 54 255 46 52 54 255 46 52 54 255 46 52 54 255 46 52 54 255 46 52 54 255 46 52 54 255 46 52 54 255 46 52 54 255 46 52 54 255 46 52 54 255 46 52 54 255 46 52 54 255 46 52 54 255 46 52 54 255 0 0 0 0 0 0 0 0 0 0 0 0 0 0 0 0 
0 0 0 0 0 0 0 0 0 0 0 0 0 0 0 0 0 0 0 0 0 0 0 0 0 0 0 0 46 52 54 255 46 52 54 255 46 52 54 255 0 0 0 0 0 0 0 0 0 0 0 0 0 0 0 0 46 52 54 255 46 52 54 255 46 52 54 255 46 52 54 255 0 0 0 0 0 0 0 0 0 0 0 0 0 0 0 0 46 52 54 255 46 52 54 255 46 52 54 255 0 0 0 0 0 0 0 0 0 0 0 0 0 0 0 0 0 0 0 0 0 0 0 0 0 0 0 0 
0 0 0 0 0 0 0 0 0 0 0 0 0 0 0 0 0 0 0 0 0 0 0 255 0 0 0 0 46 52 54 255 46 52 54 255 46 52 54 255 0 0 0 0 0 0 0 0 0 0 0 0 0 0 0 0 0 0 0 0 0 0 0 0 0 0 0 0 0 0 0 0 0 0 0 0 0 0 0 0 0 0 0 0 0 0 0 0 46 52 54 255 46 52 54 255 46 52 54 255 0 0 0 0 0 0 0 255 0 0 0 0 0 0 0 0 0 0 0 0 0 0 0 0 0 0 0 0 
0 0 0 0 0 0 0 0 0 0 0 255 0 0 0 255 0 0 0 0 0 0 0 255 0 0 0 255 46 52 54 255 46 52 54 255 46 52 54 255 0 0 0 0 0 0 0 0 0 0 0 0 0 0 0 0 0 0 0 0 0 0 0 0 0 0 0 0 0 0 0 0 0 0 0 0 0 0 0 0 0 0 0 0 0 0 0 0 46 52 54 255 46 52 54 255 46 52 54 255 0 0 0 255 0 0 0 255 0 0 0 0 0 0 0 255 0 0 0 255 0 0 0 0 0 0 0 0 
0 0 0 0 0 0 0 255 0 0 0 255 0 0 0 255 0 0 0 0 0 0 0 255 0 0 0 0 46 52 54 255 46 52 54 255 46 52 54 255 0 0 0 0 0 0 0 0 0 0 0 0 0 0 0 0 0 0 0 0 0 0 0 0 0 0 0 0 0 0 0 0 0 0 0 0 0 0 0 0 0 0 0 0 0 0 0 0 46 52 54 255 46 52 54 255 46 52 54 255 0 0 0 0 0 0 0 255 0 0 0 0 0 0 0 255 0 0 0 255 0 0 0 255 0 0 0 0 
0 0 0 0 0 0 0 255 0 0 0 0 0 0 0 255 0 0 0 255 0 0 0 255 0 0 0 0 46 52 54 255 46 52 54 255 46 52 54 255 0 0 0 0 0 0 0 0 0 0 0 0 46 52 54 255 46 52 54 255 46 52 54 255 46 52 54 255 46 52 54 255 46 52 54 255 0 0 0 0 0 0 0 0 0 0 0 0 46 52 54 255 46 52 54 255 46 52 54 255 0 0 0 0 0 0 0 255 0 0 0 255 0 0 0 255 0 0 0 0 0 0 0 255 0 0 0 0 
0 0 0 255 0 0 0 255 0 0 0 0 0 0 0 0 0 0 0 0 0 0 0 0 0 0 0 0 46 52 54 255 46 52 54 255 46 52 54 255 0 0 0 0 0 0 0 0 46 52 54 255 46 52 54 255 46 52 54 255 46 52 54 255 46 52 54 255 46 52 54 255 46 52 54 255 46 52 54 255 0 0 0 0 0 0 0 0 46 52 54 255 46 52 54 255 46 52 54 255 0 0 0 0 0 0 0 0 0 0 0 0 0 0 0 0 0 0 0 0 0 0 0 255 0 0 0 255 
0 0 0 0 0 0 0 0 0 0 0 0 0 0 0 0 0 0 0 0 0 0 0 0 0 0 0 0 46 52 54 255 46 52 54 255 46 52 54 255 0 0 0 0 0 0 0 0 46 52 54 255 46 52 54 255 46 52 54 255 46 52 54 255 46 52 54 255 46 52 54 255 46 52 54 255 46 52 54 255 0 0 0 0 0 0 0 0 46 52 54 255 46 52 54 255 46 52 54 255 0 0 0 0 0 0 0 0 0 0 0 0 0 0 0 0 0 0 0 0 0 0 0 0 0 0 0 0 
0 0 0 0 0 0 0 0 0 0 0 0 0 0 0 0 0 0 0 0 0 0 0 0 0 0 0 0 46 52 54 255 46 52 54 255 46 52 54 255 0 0 0 0 46 52 54 255 46 52 54 255 46 52 54 255 46 52 54 255 0 0 0 0 0 0 0 0 46 52 54 255 46 52 54 255 46 52 54 255 46 52 54 255 0 0 0 0 46 52 54 255 46 52 54 255 46 52 54 255 0 0 0 0 0 0 0 0 0 0 0 0 0 0 0 0 0 0 0 0 0 0 0 0 0 0 0 0 
0 0 0 0 0 0 0 0 0 0 0 0 0 0 0 0 0 0 0 0 0 0 0 0 0 0 0 0 46 52 54 255 46 52 54 255 46 52 54 255 0 0 0 0 46 52 54 255 46 52 54 255 46 52 54 255 46 52 54 255 0 0 0 0 0 0 0 0 46 52 54 255 46 52 54 255 46 52 54 255 46 52 54 255 0 0 0 0 46 52 54 255 46 52 54 255 46 52 54 255 0 0 0 0 0 0 0 0 0 0 0 0 0 0 0 0 0 0 0 0 0 0 0 0 0 0 0 0 
0 0 0 0 0 0 0 0 0 0 0 0 0 0 0 0 0 0 0 0 0 0 0 0 0 0 0 0 46 52 54 255 46 52 54 255 46 52 54 255 46 52 54 255 46 52 54 255 46 52 54 255 46 52 54 255 0 0 0 0 0 0 0 0 0 0 0 0 0 0 0 0 46 52 54 255 46 52 54 255 46 52 54 255 46 52 54 255 46 52 54 255 46 52 54 255 46 52 54 255 0 0 0 0 0 0 0 0 0 0 0 0 0 0 0 0 0 0 0 0 0 0 0 0 0 0 0 0 
0 0 0 0 0 0 0 0 0 0 0 0 0 0 0 0 0 0 0 0 0 0 0 0 0 0 0 0 46 52 54 255 46 52 54 255 46 52 54 255 46 52 54 255 46 52 54 255 46 52 54 255 46 52 54 255 0 0 0 0 0 0 0 0 0 0 0 0 0 0 0 0 46 52 54 255 46 52 54 255 46 52 54 255 46 52 54 255 46 52 54 255 46 52 54 255 46 52 54 255 0 0 0 0 0 0 0 0 0 0 0 0 0 0 0 0 0 0 0 0 0 0 0 0 0 0 0 0 
0 0 0 0 0 0 0 0 0 0 0 0 0 0 0 0 0 0 0 0 0 0 0 0 0 0 0 0 46 52 54 255 46 52 54 255 46 52 54 255 46 52 54 255 46 52 54 255 46 52 54 255 0 0 0 0 0 0 0 0 0 0 0 0 0 0 0 0 0 0 0 0 0 0 0 0 46 52 54 255 46 52 54 255 46 52 54 255 46 52 54 255 46 52 54 255 46 52 54 255 0 0 0 0 0 0 0 0 0 0 0 0 0 0 0 0 0 0 0 0 0 0 0 0 0 0 0 0 
0 0 0 0 0 0 0 0 0 0 0 0 0 0 0 0 0 0 0 0 0 0 0 0 0 0 0 0 46 52 54 255 46 52 54 255 46 52 54 255 46 52 54 255 46 52 54 255 46 52 54 255 0 0 0 0 0 0 0 0 0 0 0 0 0 0 0 0 0 0 0 0 0 0 0 0 46 52 54 255 46 52 54 255 46 52 54 255 46 52 54 255 46 52 54 255 46 52 54 255 0 0 0 0 0 0 0 0 0 0 0 0 0 0 0 0 0 0 0 0 0 0 0 0 0 0 0 0 
0 0 0 0 0 0 0 0 0 0 0 0 0 0 0 0 0 0 0 0 0 0 0 0 0 0 0 0 46 52 54 255 46 52 54 255 46 52 54 255 46 52 54 255 46 52 54 255 0 0 0 0 0 0 0 0 0 0 0 0 0 0 0 0 0 0 0 0 0 0 0 0 0 0 0 0 0 0 0 0 46 52 54 255 46 52 54 255 46 52 54 255 46 52 54 255 46 52 54 255 0 0 0 0 0 0 0 0 0 0 0 0 0 0 0 0 0 0 0 0 0 0 0 0 0 0 0 0 
0 0 0 0 0 0 0 0 0 0 0 0 0 0 0 0 0 0 0 0 0 0 0 0 0 0 0 0 46 52 54 255 46 52 54 255 46 52 54 255 46 52 54 255 46 52 54 255 0 0 0 0 0 0 0 0 0 0 0 0 0 0 0 0 0 0 0 0 0 0 0 0 0 0 0 0 0 0 0 0 46 52 54 255 46 52 54 255 46 52 54 255 46 52 54 255 46 52 54 255 0 0 0 0 0 0 0 0 0 0 0 0 0 0 0 0 0 0 0 0 0 0 0 0 0 0 0 0 
0 0 0 0 0 0 0 0 0 0 0 0 0 0 0 0 0 0 0 0 0 0 0 0 0 0 0 0 46 52 54 255 46 52 54 255 46 52 54 255 46 52 54 255 0 0 0 0 0 0 0 0 0 0 0 0 0 0 0 0 0 0 0 0 0 0 0 0 0 0 0 0 0 0 0 0 0 0 0 0 0 0 0 0 46 52 54 255 46 52 54 255 46 52 54 255 46 52 54 255 0 0 0 0 0 0 0 0 0 0 0 0 0 0 0 0 0 0 0 0 0 0 0 0 0 0 0 0 
0 0 0 0 0 0 0 0 0 0 0 0 0 0 0 0 0 0 0 0 0 0 0 0 0 0 0 0 46 52 54 255 46 52 54 255 46 52 54 255 46 52 54 255 0 0 0 0 0 0 0 0 0 0 0 0 0 0 0 0 0 0 0 0 0 0 0 0 0 0 0 0 0 0 0 0 0 0 0 0 0 0 0 0 46 52 54 255 46 52 54 255 46 52 54 255 46 52 54 255 0 0 0 0 0 0 0 0 0 0 0 0 0 0 0 0 0 0 0 0 0 0 0 0 0 0 0 0 
0 0 0 0 0 0 0 0 0 0 0 0 0 0 0 0 0 0 0 0 0 0 0 0 46 52 54 255 46 52 54 255 46 52 54 255 46 52 54 255 0 0 0 0 0 0 0 0 0 0 0 0 0 0 0 0 0 0 0 0 0 0 0 0 0 0 0 0 0 0 0 0 0 0 0 0 0 0 0 0 0 0 0 0 0 0 0 0 46 52 54 255 46 52 54 255 46 52 54 255 46 52 54 255 0 0 0 0 0 0 0 0 0 0 0 0 0 0 0 0 0 0 0 0 0 0 0 0 
0 0 0 0 0 0 0 0 0 0 0 0 0 0 0 0 0 0 0 0 0 0 0 0 46 52 54 255 46 52 54 255 46 52 54 255 46 52 54 255 0 0 0 0 0 0 0 0 0 0 0 0 0 0 0 0 0 0 0 0 0 0 0 0 0 0 0 0 0 0 0 0 0 0 0 0 0 0 0 0 0 0 0 0 0 0 0 0 46 52 54 255 46 52 54 255 46 52 54 255 46 52 54 255 0 0 0 0 0 0 0 0 0 0 0 0 0 0 0 0 0 0 0 0 0 0 0 0 
0 0 0 0 0 0 0 0 0 0 0 0 0 0 0 0 0 0 0 0 46 52 54 255 46 52 54 255 46 52 54 255 46 52 54 255 0 0 0 0 0 0 0 0 0 0 0 0 0 0 0 0 0 0 0 0 0 0 0 0 0 0 0 0 0 0 0 0 0 0 0 0 0 0 0 0 0 0 0 0 0 0 0 0 0 0 0 0 0 0 0 0 46 52 54 255 46 52 54 255 46 52 54 255 46 52 54 255 0 0 0 0 0 0 0 0 0 0 0 0 0 0 0 0 0 0 0 0 
0 0 0 0 0 0 0 0 0 0 0 0 0 0 0 0 0 0 0 0 46 52 54 255 46 52 54 255 46 52 54 255 46 52 54 255 0 0 0 0 0 0 0 0 0 0 0 0 0 0 0 0 0 0 0 0 0 0 0 0 0 0 0 0 0 0 0 0 0 0 0 0 0 0 0 0 0 0 0 0 0 0 0 0 0 0 0 0 0 0 0 0 46 52 54 255 46 52 54 255 46 52 54 255 46 52 54 255 0 0 0 0 0 0 0 0 0 0 0 0 0 0 0 0 0 0 0 0 
0 0 0 0 0 0 0 0 0 0 0 0 0 0 0 0 0 0 0 0 46 52 54 255 46 52 54 255 46 52 54 255 0 0 0 0 0 0 0 0 0 0 0 0 0 0 0 0 0 0 0 0 0 0 0 0 0 0 0 0 0 0 0 0 0 0 0 0 0 0 0 0 0 0 0 0 0 0 0 0 0 0 0 0 0 0 0 0 0 0 0 0 0 0 0 0 46 52 54 255 46 52 54 255 46 52 54 255 0 0 0 0 0 0 0 0 0 0 0 0 0 0 0 0 0 0 0 0 
0 0 0 0 0 0 0 0 0 0 0 0 0 0 0 0 0 0 0 0 46 52 54 255 46 52 54 255 46 52 54 255 0 0 0 0 0 0 0 0 0 0 0 0 0 0 0 0 0 0 0 0 0 0 0 0 0 0 0 0 0 0 0 0 0 0 0 0 0 0 0 0 0 0 0 0 0 0 0 0 0 0 0 0 0 0 0 0 0 0 0 0 0 0 0 0 46 52 54 255 46 52 54 255 46 52 54 255 0 0 0 0 0 0 0 0 0 0 0 0 0 0 0 0 0 0 0 0 
0 0 0 0 0 0 0 0 0 0 0 0 0 0 0 0 0 0 0 0 0 0 0 0 0 0 0 0 0 0 0 0 0 0 0 0 0 0 0 0 0 0 0 0 0 0 0 0 0 0 0 0 0 0 0 0 0 0 0 0 0 0 0 0 0 0 0 0 0 0 0 0 0 0 0 0 0 0 0 0 0 0 0 0 0 0 0 0 0 0 0 0 0 0 0 0 0 0 0 0 0 0 0 0 0 0 0 0 0 0 0 0 0 0 0 0 0 0 0 0 0 0 0 0 0 0 0 0 
0 0 0 0 0 0 0 0 0 0 0 0 0 0 0 0 0 0 0 0 46 52 54 255 46 52 54 255 46 52 54 255 46 52 54 255 46 52 54 255 46 52 54 255 46 52 54 255 46 52 54 255 46 52 54 255 0 0 0 0 0 0 0 0 0 0 0 0 0 0 0 0 46 52 54 255 46 52 54 255 46 52 54 255 46 52 54 255 46 52 54 255 46 52 54 255 46 52 54 255 46 52 54 255 46 52 54 255 0 0 0 0 0 0 0 0 0 0 0 0 0 0 0 0 0 0 0 0 
0 0 0 0 0 0 0 0 0 0 0 0 46 52 54 255 46 52 54 255 46 52 54 255 46 52 54 255 46 52 54 255 46 52 54 255 46 52 54 255 46 52 54 255 46 52 54 255 46 52 54 255 46 52 54 255 0 0 0 0 0 0 0 0 0 0 0 0 0 0 0 0 46 52 54 255 46 52 54 255 46 52 54 255 46 52 54 255 46 52 54 255 46 52 54 255 46 52 54 255 46 52 54 255 46 52 54 255 46 52 54 255 46 52 54 255 0 0 0 0 0 0 0 0 0 0 0 0 
0 0 0 0 0 0 0 0 46 52 54 255 46 52 54 255 46 52 54 255 46 52 54 255 46 52 54 255 46 52 54 255 114 159 207 255 46 52 54 255 46 52 54 255 46 52 54 255 46 52 54 255 46 52 54 255 0 0 0 0 0 0 0 0 0 0 0 0 0 0 0 0 46 52 54 255 46 52 54 255 46 52 54 255 46 52 54 255 46 52 54 255 114 159 207 255 46 52 54 255 46 52 54 255 46 52 54 255 46 52 54 255 46 52 54 255 46 52 54 255 0 0 0 0 0 0 0 0 
0 0 0 0 0 0 0 0 46 52 54 255 46 52 54 255 46 52 54 255 46 52 54 255 114 159 207 255 114 159 207 255 114 159 207 255 114 159 207 255 46 52 54 255 46 52 54 255 46 52 54 255 46 52 54 255 0 0 0 0 0 0 0 0 0 0 0 0 0 0 0 0 46 52 54 255 46 52 54 255 46 52 54 255 46 52 54 255 114 159 207 255 114 159 207 255 114 159 207 255 114 159 207 255 46 52 54 255 46 52 54 255 46 52 54 255 46 52 54 255 0 0 0 0 0 0 0 0 
0 0 0 0 0 0 0 0 46 52 54 255 46 52 54 255 46 52 54 255 46 52 54 255 46 52 54 255 114 159 207 255 114 159 207 255 46 52 54 255 46 52 54 255 46 52 54 255 46 52 54 255 46 52 54 255 46 52 54 255 46 52 54 255 46 52 54 255 46 52 54 255 46 52 54 255 46 52 54 255 46 52 54 255 46 52 54 255 46 52 54 255 114 159 207 255 114 159 207 255 46 52 54 255 46 52 54 255 46 52 54 255 46 52 54 255 46 52 54 255 0 0 0 0 0 0 0 0 
0 0 0 0 0 0 0 0 0 0 0 0 46 52 54 255 46 52 54 255 46 52 54 255 46 52 54 255 46 52 54 255 46 52 54 255 46 52 54 255 46 52 54 255 46 52 54 255 46 52 54 255 46 52 54 255 46 52 54 255 46 52 54 255 46 52 54 255 46 52 54 255 46 52 54 255 46 52 54 255 46 52 54 255 46 52 54 255 46 52 54 255 46 52 54 255 46 52 54 255 46 52 54 255 46 52 54 255 46 52 54 255 46 52 54 255 0 0 0 0 0 0 0 0 0 0 0 0 
0 0 0 0 0 0 0 0 0 0 0 0 46 52 54 255 46 52 54 255 46 52 54 255 46 52 54 255 46 52 54 255 46 52 54 255 46 52 54 255 46 52 54 255 46 52 54 255 46 52 54 255 46 52 54 255 46 52 54 255 46 52 54 255 46 52 54 255 46 52 54 255 46 52 54 255 46 52 54 255 46 52 54 255 46 52 54 255 46 52 54 255 46 52 54 255 46 52 54 255 46 52 54 255 46 52 54 255 46 52 54 255 46 52 54 255 0 0 0 0 0 0 0 0 0 0 0 0 
0 0 0 0 0 0 0 0 0 0 0 0 0 0 0 0 46 52 54 255 46 52 54 255 46 52 54 255 46 52 54 255 46 52 54 255 46 52 54 255 46 52 54 255 46 52 54 255 46 52 54 255 46 52 54 255 46 52 54 255 46 52 54 255 46 52 54 255 46 52 54 255 46 52 54 255 46 52 54 255 46 52 54 255 46 52 54 255 46 52 54 255 46 52 54 255 46 52 54 255 46 52 54 255 46 52 54 255 46 52 54 255 0 0 0 0 0 0 0 0 0 0 0 0 0 0 0 0 
0 0 0 0 0 0 0 0 0 0 0 0 0 0 0 0 0 0 0 0 0 0 0 0 0 0 0 0 46 52 54 255 46 52 54 255 46 52 54 255 0 0 0 0 0 0 0 0 0 0 0 0 0 0 0 0 46 52 54 255 46 52 54 255 46 52 54 255 46 52 54 255 0 0 0 0 0 0 0 0 0 0 0 0 0 0 0 0 46 52 54 255 46 52 54 255 46 52 54 255 0 0 0 0 0 0 0 0 0 0 0 0 0 0 0 0 0 0 0 0 0 0 0 0 0 0 0 0 
0 0 0 0 0 0 0 0 0 0 0 0 0 0 0 0 0 0 0 0 0 0 0 0 0 0 0 0 46 52 54 255 46 52 54 255 46 52 54 255 0 0 0 0 0 0 0 0 0 0 0 0 0 0 0 0 0 0 0 0 0 0 0 0 0 0 0 0 0 0 0 0 0 0 0 0 0 0 0 0 0 0 0 0 0 0 0 0 46 52 54 255 46 52 54 255 46 52 54 255 0 0 0 0 0 0 0 0 0 0 0 0 0 0 0 0 0 0 0 0 0 0 0 0 0 0 0 0 
0 0 0 255 0 0 0 0 0 0 0 0 0 0 0 255 0 0 0 255 0 0 0 0 0 0 0 0 46 52 54 255 46 52 54 255 46 52 54 255 0 0 0 0 0 0 0 0 0 0 0 0 0 0 0 0 0 0 0 0 0 0 0 0 0 0 0 0 0 0 0 0 0 0 0 0 0 0 0 0 0 0 0 0 0 0 0 0 46 52 54 255 46 52 54 255 46 52 54 255 0 0 0 0 0 0 0 0 0 0 0 255 0 0 0 255 0 0 0 0 0 0 0 0 0 0 0 255 
0 0 0 255 0 0 0 0 0 0 0 0 0 0 0 255 0 0 0 255 0 0 0 255 0 0 0 0 46 52 54 255 46 52 54 255 46 52 54 255 0 0 0 0 0 0 0 0 0 0 0 0 0 0 0 0 0 0 0 0 0 0 0 0 0 0 0 0 0 0 0 0 0 0 0 0 0 0 0 0 0 0 0 0 0 0 0 0 46 52 54 255 46 52 54 255 46 52 54 255 0 0 0 0 0 0 0 255 0 0 0 255 0 0 0 255 0 0 0 0 0 0 0 0 0 0 0 255 
0 0 0 255 0 0 0 255 0 0 0 255 0 0 0 255 0 0 0 0 0 0 0 255 0 0 0 255 46 52 54 255 46 52 54 255 46 52 54 255 0 0 0 0 0 0 0 0 0 0 0 0 46 52 54 255 46 52 54 255 46 52 54 255 46 52 54 255 46 52 54 255 46 52 54 255 0 0 0 0 0 0 0 0 0 0 0 0 46 52 54 255 46 52 54 255 46 52 54 255 0 0 0 255 0 0 0 255 0 0 0 0 0 0 0 255 0 0 0 255 0 0 0 255 0 0 0 255 
0 0 0 0 0 0 0 255 0 0 0 255 0 0 0 0 0 0 0 0 0 0 0 0 0 0 0 0 46 52 54 255 46 52 54 255 46 52 54 255 0 0 0 0 0 0 0 0 46 52 54 255 46 52 54 255 46 52 54 255 46 52 54 255 46 52 54 255 46 52 54 255 46 52 54 255 46 52 54 255 0 0 0 0 0 0 0 0 46 52 54 255 46 52 54 255 46 52 54 255 0 0 0 0 0 0 0 0 0 0 0 0 0 0 0 0 0 0 0 255 0 0 0 255 0 0 0 0 
0 0 0 0 0 0 0 0 0 0 0 0 0 0 0 0 0 0 0 0 0 0 0 0 0 0 0 0 46 52 54 255 46 52 54 255 46 52 54 255 0 0 0 0 0 0 0 0 46 52 54 255 46 52 54 255 46 52 54 255 46 52 54 255 46 52 54 255 46 52 54 255 46 52 54 255 46 52 54 255 0 0 0 0 0 0 0 0 46 52 54 255 46 52 54 255 46 52 54 255 0 0 0 0 0 0 0 0 0 0 0 0 0 0 0 0 0 0 0 0 0 0 0 0 0 0 0 0 
0 0 0 0 0 0 0 0 0 0 0 0 0 0 0 0 0 0 0 0 0 0 0 0 0 0 0 0 46 52 54 255 46 52 54 255 46 52 54 255 0 0 0 0 46 52 54 255 46 52 54 255 46 52 54 255 46 52 54 255 0 0 0 0 0 0 0 0 46 52 54 255 46 52 54 255 46 52 54 255 46 52 54 255 0 0 0 0 46 52 54 255 46 52 54 255 46 52 54 255 0 0 0 0 0 0 0 0 0 0 0 0 0 0 0 0 0 0 0 0 0 0 0 0 0 0 0 0 
0 0 0 0 0 0 0 0 0 0 0 0 0 0 0 0 0 0 0 0 0 0 0 0 0 0 0 0 46 52 54 255 46 52 54 255 46 52 54 255 0 0 0 0 46 52 54 255 46 52 54 255 46 52 54 255 46 52 54 255 0 0 0 0 0 0 0 0 46 52 54 255 46 52 54 255 46 52 54 255 46 52 54 255 0 0 0 0 46 52 54 255 46 52 54 255 46 52 54 255 0 0 0 0 0 0 0 0 0 0 0 0 0 0 0 0 0 0 0 0 0 0 0 0 0 0 0 0 
0 0 0 0 0 0 0 0 0 0 0 0 0 0 0 0 0 0 0 0 0 0 0 0 0 0 0 0 46 52 54 255 46 52 54 255 46 52 54 255 46 52 54 255 46 52 54 255 46 52 54 255 46 52 54 255 0 0 0 0 0 0 0 0 0 0 0 0 0 0 0 0 46 52 54 255 46 52 54 255 46 52 54 255 46 52 54 255 46 52 54 255 46 52 54 255 46 52 54 255 0 0 0 0 0 0 0 0 0 0 0 0 0 0 0 0 0 0 0 0 0 0 0 0 0 0 0 0 
0 0 0 0 0 0 0 0 0 0 0 0 0 0 0 0 0 0 0 0 0 0 0 0 0 0 0 0 46 52 54 255 46 52 54 255 46 52 54 255 46 52 54 255 46 52 54 255 46 52 54 255 46 52 54 255 0 0 0 0 0 0 0 0 0 0 0 0 0 0 0 0 46 52 54 255 46 52 54 255 46 52 54 255 46 52 54 255 46 52 54 255 46 52 54 255 46 52 54 255 0 0 0 0 0 0 0 0 0 0 0 0 0 0 0 0 0 0 0 0 0 0 0 0 0 0 0 0 
0 0 0 0 0 0 0 0 0 0 0 0 0 0 0 0 0 0 0 0 0 0 0 0 0 0 0 0 46 52 54 255 46 52 54 255 46 52 54 255 46 52 54 255 46 52 54 255 46 52 54 255 0 0 0 0 0 0 0 0 0 0 0 0 0 0 0 0 0 0 0 0 0 0 0 0 46 52 54 255 46 52 54 255 46 52 54 255 46 52 54 255 46 52 54 255 46 52 54 255 0 0 0 0 0 0 0 0 0 0 0 0 0 0 0 0 0 0 0 0 0 0 0 0 0 0 0 0 
0 0 0 0 0 0 0 0 0 0 0 0 0 0 0 0 0 0 0 0 0 0 0 0 0 0 0 0 46 52 54 255 46 52 54 255 46 52 54 255 46 52 54 255 46 52 54 255 46 52 54 255 0 0 0 0 0 0 0 0 0 0 0 0 0 0 0 0 0 0 0 0 0 0 0 0 46 52 54 255 46 52 54 255 46 52 54 255 46 52 54 255 46 52 54 255 46 52 54 255 0 0 0 0 0 0 0 0 0 0 0 0 0 0 0 0 0 0 0 0 0 0 0 0 0 0 0 0 
0 0 0 0 0 0 0 0 0 0 0 0 0 0 0 0 0 0 0 0 0 0 0 0 0 0 0 0 46 52 54 255 46 52 54 255 46 52 54 255 46 52 54 255 46 52 54 255 0 0 0 0 0 0 0 0 0 0 0 0 0 0 0 0 0 0 0 0 0 0 0 0 0 0 0 0 0 0 0 0 46 52 54 255 46 52 54 255 46 52 54 255 46 52 54 255 46 52 54 255 0 0 0 0 0 0 0 0 0 0 0 0 0 0 0 0 0 0 0 0 0 0 0 0 0 0 0 0 
0 0 0 0 0 0 0 0 0 0 0 0 0 0 0 0 0 0 0 0 0 0 0 0 0 0 0 0 46 52 54 255 46 52 54 255 46 52 54 255 46 52 54 255 46 52 54 255 0 0 0 0 0 0 0 0 0 0 0 0 0 0 0 0 0 0 0 0 0 0 0 0 0 0 0 0 0 0 0 0 46 52 54 255 46 52 54 255 46 52 54 255 46 52 54 255 46 52 54 255 0 0 0 0 0 0 0 0 0 0 0 0 0 0 0 0 0 0 0 0 0 0 0 0 0 0 0 0 
0 0 0 0 0 0 0 0 0 0 0 0 0 0 0 0 0 0 0 0 0 0 0 0 0 0 0 0 46 52 54 255 46 52 54 255 46 52 54 255 46 52 54 255 0 0 0 0 0 0 0 0 0 0 0 0 0 0 0 0 0 0 0 0 0 0 0 0 0 0 0 0 0 0 0 0 0 0 0 0 0 0 0 0 46 52 54 255 46 52 54 255 46 52 54 255 46 52 54 255 0 0 0 0 0 0 0 0 0 0 0 0 0 0 0 0 0 0 0 0 0 0 0 0 0 0 0 0 
0 0 0 0 0 0 0 0 0 0 0 0 0 0 0 0 0 0 0 0 0 0 0 0 0 0 0 0 46 52 54 255 46 52 54 255 46 52 54 255 46 52 54 255 0 0 0 0 0 0 0 0 0 0 0 0 0 0 0 0 0 0 0 0 0 0 0 0 0 0 0 0 0 0 0 0 0 0 0 0 0 0 0 0 46 52 54 255 46 52 54 255 46 52 54 255 46 52 54 255 0 0 0 0 0 0 0 0 0 0 0 0 0 0 0 0 0 0 0 0 0 0 0 0 0 0 0 0 
0 0 0 0 0 0 0 0 0 0 0 0 0 0 0 0 0 0 0 0 0 0 0 0 46 52 54 255 46 52 54 255 46 52 54 255 46 52 54 255 0 0 0 0 0 0 0 0 0 0 0 0 0 0 0 0 0 0 0 0 0 0 0 0 0 0 0 0 0 0 0 0 0 0 0 0 0 0 0 0 0 0 0 0 0 0 0 0 46 52 54 255 46 52 54 255 46 52 54 255 46 52 54 255 0 0 0 0 0 0 0 0 0 0 0 0 0 0 0 0 0 0 0 0 0 0 0 0 
0 0 0 0 0 0 0 0 0 0 0 0 0 0 0 0 0 0 0 0 0 0 0 0 46 52 54 255 46 52 54 255 46 52 54 255 46 52 54 255 0 0 0 0 0 0 0 0 0 0 0 0 0 0 0 0 0 0 0 0 0 0 0 0 0 0 0 0 0 0 0 0 0 0 0 0 0 0 0 0 0 0 0 0 0 0 0 0 46 52 54 255 46 52 54 255 46 52 54 255 46 52 54 255 0 0 0 0 0 0 0 0 0 0 0 0 0 0 0 0 0 0 0 0 0 0 0 0 
0 0 0 0 0 0 0 0 0 0 0 0 0 0 0 0 0 0 0 0 46 52 54 255 46 52 54 255 46 52 54 255 46 52 54 255 0 0 0 0 0 0 0 0 0 0 0 0 0 0 0 0 0 0 0 0 0 0 0 0 0 0 0 0 0 0 0 0 0 0 0 0 0 0 0 0 0 0 0 0 0 0 0 0 0 0 0 0 0 0 0 0 46 52 54 255 46 52 54 255 46 52 54 255 46 52 54 255 0 0 0 0 0 0 0 0 0 0 0 0 0 0 0 0 0 0 0 0 
0 0 0 0 0 0 0 0 0 0 0 0 0 0 0 0 0 0 0 0 46 52 54 255 46 52 54 255 46 52 54 255 46 52 54 255 0 0 0 0 0 0 0 0 0 0 0 0 0 0 0 0 0 0 0 0 0 0 0 0 0 0 0 0 0 0 0 0 0 0 0 0 0 0 0 0 0 0 0 0 0 0 0 0 0 0 0 0 0 0 0 0 46 52 54 255 46 52 54 255 46 52 54 255 46 52 54 255 0 0 0 0 0 0 0 0 0 0 0 0 0 0 0 0 0 0 0 0 
0 0 0 0 0 0 0 0 0 0 0 0 0 0 0 0 0 0 0 0 46 52 54 255 46 52 54 255 46 52 54 255 0 0 0 0 0 0 0 0 0 0 0 0 0 0 0 0 0 0 0 0 0 0 0 0 0 0 0 0 0 0 0 0 0 0 0 0 0 0 0 0 0 0 0 0 0 0 0 0 0 0 0 0 0 0 0 0 0 0 0 0 0 0 0 0 46 52 54 255 46 52 54 255 46 52 54 255 0 0 0 0 0 0 0 0 0 0 0 0 0 0 0 0 0 0 0 0 
0 0 0 0 0 0 0 0 0 0 0 0 0 0 0 0 0 0 0 0 46 52 54 255 46 52 54 255 46 52 54 255 0 0 0 0 0 0 0 0 0 0 0 0 0 0 0 0 0 0 0 0 0 0 0 0 0 0 0 0 0 0 0 0 0 0 0 0 0 0 0 0 0 0 0 0 0 0 0 0 0 0 0 0 0 0 0 0 0 0 0 0 0 0 0 0 46 52 54 255 46 52 54 255 46 52 54 255 0 0 0 0 0 0 0 0 0 0 0 0 0 0 0 0 0 0 0 0 
0 0 0 0 0 0 0 0 0 0 0 0 0 0 0 0 0 0 0 0 0 0 0 0 0 0 0 0 0 0 0 0 0 0 0 0 0 0 0 0 0 0 0 0 0 0 0 0 0 0 0 0 0 0 0 0 0 0 0 0 0 0 0 0 0 0 0 0 0 0 0 0 0 0 0 0 0 0 0 0 0 0 0 0 0 0 0 0 0 0 0 0 0 0 0 0 0 0 0 0 0 0 0 0 0 0 0 0 0 0 0 0 0 0 0 0 0 0 0 0 0 0 0 0 0 0 0 0 
0 0 0 0 0 0 0 0 0 0 0 0 0 0 0 0 0 0 0 0 46 52 54 255 46 52 54 255 46 52 54 255 46 52 54 255 46 52 54 255 46 52 54 255 46 52 54 255 46 52 54 255 46 52 54 255 0 0 0 0 0 0 0 0 0 0 0 0 0 0 0 0 46 52 54 255 46 52 54 255 46 52 54 255 46 52 54 255 46 52 54 255 46 52 54 255 46 52 54 255 46 52 54 255 46 52 54 255 0 0 0 0 0 0 0 0 0 0 0 0 0 0 0 0 0 0 0 0 
0 0 0 0 0 0 0 0 0 0 0 0 46 52 54 255 46 52 54 255 46 52 54 255 46 52 54 255 46 52 54 255 46 52 54 255 46 52 54 255 46 52 54 255 46 52 54 255 46 52 54 255 46 52 54 255 0 0 0 0 0 0 0 0 0 0 0 0 0 0 0 0 46 52 54 255 46 52 54 255 46 52 54 255 46 52 54 255 46 52 54 255 46 52 54 255 46 52 54 255 46 52 54 255 46 52 54 255 46 52 54 255 46 52 54 255 0 0 0 0 0 0 0 0 0 0 0 0 
0 0 0 0 0 0 0 0 46 52 54 255 46 52 54 255 46 52 54 255 46 52 54 255 46 52 54 255 46 52 54 255 238 238 236 255 46 52 54 255 46 52 54 255 46 52 54 255 46 52 54 255 46 52 54 255 0 0 0 0 0 0 0 0 0 0 0 0 0 0 0 0 46 52 54 255 46 52 54 255 46 52 54 255 46 52 54 255 46 52 54 255 238 238 236 255 46 52 54 255 46 52 54 255 46 52 54 255 46 52 54 255 46 52 54 255 46 52 54 255 0 0 0 0 0 0 0 0 
0 0 0 0 0 0 0 0 46 52 54 255 46 52 54 255 46 52 54 255 46 52 54 255 238 238 236 255 238 238 236 255 238 238 236 255 238 238 236 255 46 52 54 255 46 52 54 255 46 52 54 255 46 52 54 255 0 0 0 0 0 0 0 0 0 0 0 0 0 0 0 0 46 52 54 255 46 52 54 255 46 52 54 255 46 52 54 255 238 238 236 255 238 238 236 255 238 238 236 255 238 238 236 255 46 52 54 255 46 52 54 255 46 52 54 255 46 52 54 255 0 0 0 0 0 0 0 0 
0 0 0 0 0 0 0 0 46 52 54 255 46 52 54 255 46 52 54 255 46 52 54 255 46 52 54 255 238 238 236 255 238 238 236 255 46 52 54 255 46 52 54 255 46 52 54 255 46 52 54 255 46 52 54 255 46 52 54 255 46 52 54 255 46 52 54 255 46 52 54 255 46 52 54 255 46 52 54 255 46 52 54 255 46 52 54 255 46 52 54 255 238 238 236 255 238 238 236 255 46 52 54 255 46 52 54 255 46 52 54 255 46 52 54 255 46 52 54 255 0 0 0 0 0 0 0 0 
0 0 0 0 0 0 0 0 0 0 0 0 46 52 54 255 46 52 54 255 46 52 54 255 46 52 54 255 46 52 54 255 46 52 54 255 46 52 54 255 46 52 54 255 46 52 54 255 46 52 54 255 46 52 54 255 46 52 54 255 46 52 54 255 46 52 54 255 46 52 54 255 46 52 54 255 46 52 54 255 46 52 54 255 46 52 54 255 46 52 54 255 46 52 54 255 46 52 54 255 46 52 54 255 46 52 54 255 46 52 54 255 46 52 54 255 0 0 0 0 0 0 0 0 0 0 0 0 
0 0 0 0 0 0 0 0 0 0 0 0 46 52 54 255 46 52 54 255 46 52 54 255 46 52 54 255 46 52 54 255 46 52 54 255 46 52 54 255 46 52 54 255 46 52 54 255 46 52 54 255 46 52 54 255 46 52 54 255 46 52 54 255 46 52 54 255 46 52 54 255 46 52 54 255 46 52 54 255 46 52 54 255 46 52 54 255 46 52 54 255 46 52 54 255 46 52 54 255 46 52 54 255 46 52 54 255 46 52 54 255 46 52 54 255 0 0 0 0 0 0 0 0 0 0 0 0 
0 0 0 0 0 0 0 0 0 0 0 0 0 0 0 0 46 52 54 255 46 52 54 255 46 52 54 255 46 52 54 255 46 52 54 255 46 52 54 255 46 52 54 255 46 52 54 255 46 52 54 255 46 52 54 255 46 52 54 255 46 52 54 255 46 52 54 255 46 52 54 255 46 52 54 255 46 52 54 255 46 52 54 255 46 52 54 255 46 52 54 255 46 52 54 255 46 52 54 255 46 52 54 255 46 52 54 255 46 52 54 255 0 0 0 0 0 0 0 0 0 0 0 0 0 0 0 0 
0 0 0 0 0 0 0 0 0 0 0 0 0 0 0 0 0 0 0 0 0 0 0 0 0 0 0 0 46 52 54 255 46 52 54 255 46 52 54 255 0 0 0 0 0 0 0 0 0 0 0 0 0 0 0 0 46 52 54 255 46 52 54 255 46 52 54 255 46 52 54 255 0 0 0 0 0 0 0 0 0 0 0 0 0 0 0 0 46 52 54 255 46 52 54 255 46 52 54 255 0 0 0 0 0 0 0 0 0 0 0 0 0 0 0 0 0 0 0 0 0 0 0 0 0 0 0 0 
0 0 0 0 0 0 0 255 0 0 0 255 0 0 0 0 0 0 0 0 0 0 0 0 0 0 0 0 46 52 54 255 46 52 54 255 46 52 54 255 0 0 0 0 0 0 0 0 0 0 0 0 0 0 0 0 0 0 0 0 0 0 0 0 0 0 0 0 0 0 0 0 0 0 0 0 0 0 0 0 0 0 0 0 0 0 0 0 46 52 54 255 46 52 54 255 46 52 54 255 0 0 0 0 0 0 0 0 0 0 0 0 0 0 0 0 0 0 0 255 0 0 0 255 0 0 0 0 
0 0 0 255 0 0 0 255 0 0 0 255 0 0 0 0 0 0 0 0 0 0 0 255 0 0 0 255 0 0 0 255 46 52 54 255 46 52 54 255 0 0 0 0 0 0 0 0 0 0 0 0 0 0 0 0 0 0 0 0 0 0 0 0 0 0 0 0 0 0 0 0 0 0 0 0 0 0 0 0 0 0 0 0 0 0 0 0 46 52 54 255 46 52 54 255 0 0 0 255 0 0 0 255 0 0 0 255 0 0 0 0 0 0 0 0 0 0 0 255 0 0 0 255 0 0 0 255 
0 0 0 0 0 0 0 0 0 0 0 255 0 0 0 0 0 0 0 0 0 0 0 255 0 0 0 0 46 52 54 255 46 52 54 255 46 52 54 255 0 0 0 0 0 0 0 0 0 0 0 0 0 0 0 0 0 0 0 0 0 0 0 0 0 0 0 0 0 0 0 0 0 0 0 0 0 0 0 0 0 0 0 0 0 0 0 0 46 52 54 255 46 52 54 255 46 52 54 255 0 0 0 0 0 0 0 255 0 0 0 0 0 0 0 0 0 0 0 255 0 0 0 0 0 0 0 0 
0 0 0 0 0 0 0 0 0 0 0 255 0 0 0 0 0 0 0 0 0 0 0 255 0 0 0 0 46 52 54 255 46 52 54 255 46 52 54 255 0 0 0 0 0 0 0 0 0 0 0 0 46 52 54 255 46 52 54 255 46 52 54 255 46 52 54 255 46 52 54 255 46 52 54 255 0 0 0 0 0 0 0 0 0 0 0 0 46 52 54 255 46 52 54 255 46 52 54 255 0 0 0 0 0 0 0 255 0 0 0 0 0 0 0 0 0 0 0 255 0 0 0 0 0 0 0 0 
0 0 0 0 0 0 0 0 0 0 0 0 0 0 0 255 0 0 0 255 0 0 0 255 0 0 0 0 46 52 54 255 46 52 54 255 46 52 54 255 0 0 0 0 0 0 0 0 46 52 54 255 46 52 54 255 46 52 54 255 46 52 54 255 46 52 54 255 46 52 54 255 46 52 54 255 46 52 54 255 0 0 0 0 0 0 0 0 46 52 54 255 46 52 54 255 46 52 54 255 0 0 0 0 0 0 0 255 0 0 0 255 0 0 0 255 0 0 0 0 0 0 0 0 0 0 0 0 
0 0 0 0 0 0 0 0 0 0 0 0 0 0 0 0 0 0 0 0 0 0 0 0 0 0 0 0 46 52 54 255 46 52 54 255 46 52 54 255 0 0 0 0 0 0 0 0 46 52 54 255 46 52 54 255 46 52 54 255 46 52 54 255 46 52 54 255 46 52 54 255 46 52 54 255 46 52 54 255 0 0 0 0 0 0 0 0 46 52 54 255 46 52 54 255 46 52 54 255 0 0 0 0 0 0 0 0 0 0 0 0 0 0 0 0 0 0 0 0 0 0 0 0 0 0 0 0 
0 0 0 0 0 0 0 0 0 0 0 0 0 0 0 0 0 0 0 0 0 0 0 0 0 0 0 0 46 52 54 255 46 52 54 255 46 52 54 255 0 0 0 0 46 52 54 255 46 52 54 255 46 52 54 255 46 52 54 255 0 0 0 0 0 0 0 0 46 52 54 255 46 52 54 255 46 52 54 255 46 52 54 255 0 0 0 0 46 52 54 255 46 52 54 255 46 52 54 255 0 0 0 0 0 0 0 0 0 0 0 0 0 0 0 0 0 0 0 0 0 0 0 0 0 0 0 0 
0 0 0 0 0 0 0 0 0 0 0 0 0 0 0 0 0 0 0 0 0 0 0 0 0 0 0 0 46 52 54 255 46 52 54 255 46 52 54 255 0 0 0 0 46 52 54 255 46 52 54 255 46 52 54 255 46 52 54 255 0 0 0 0 0 0 0 0 46 52 54 255 46 52 54 255 46 52 54 255 46 52 54 255 0 0 0 0 46 52 54 255 46 52 54 255 46 52 54 255 0 0 0 0 0 0 0 0 0 0 0 0 0 0 0 0 0 0 0 0 0 0 0 0 0 0 0 0 
0 0 0 0 0 0 0 0 0 0 0 0 0 0 0 0 0 0 0 0 0 0 0 0 0 0 0 0 46 52 54 255 46 52 54 255 46 52 54 255 46 52 54 255 46 52 54 255 46 52 54 255 46 52 54 255 0 0 0 0 0 0 0 0 0 0 0 0 0 0 0 0 46 52 54 255 46 52 54 255 46 52 54 255 46 52 54 255 46 52 54 255 46 52 54 255 46 52 54 255 0 0 0 0 0 0 0 0 0 0 0 0 0 0 0 0 0 0 0 0 0 0 0 0 0 0 0 0 
0 0 0 0 0 0 0 0 0 0 0 0 0 0 0 0 0 0 0 0 0 0 0 0 0 0 0 0 46 52 54 255 46 52 54 255 46 52 54 255 46 52 54 255 46 52 54 255 46 52 54 255 46 52 54 255 0 0 0 0 0 0 0 0 0 0 0 0 0 0 0 0 46 52 54 255 46 52 54 255 46 52 54 255 46 52 54 255 46 52 54 255 46 52 54 255 46 52 54 255 0 0 0 0 0 0 0 0 0 0 0 0 0 0 0 0 0 0 0 0 0 0 0 0 0 0 0 0 
0 0 0 0 0 0 0 0 0 0 0 0 0 0 0 0 0 0 0 0 0 0 0 0 0 0 0 0 46 52 54 255 46 52 54 255 46 52 54 255 46 52 54 255 46 52 54 255 46 52 54 255 0 0 0 0 0 0 0 0 0 0 0 0 0 0 0 0 0 0 0 0 0 0 0 0 46 52 54 255 46 52 54 255 46 52 54 255 46 52 54 255 46 52 54 255 46 52 54 255 0 0 0 0 0 0 0 0 0 0 0 0 0 0 0 0 0 0 0 0 0 0 0 0 0 0 0 0 
0 0 0 0 0 0 0 0 0 0 0 0 0 0 0 0 0 0 0 0 0 0 0 0 0 0 0 0 46 52 54 255 46 52 54 255 46 52 54 255 46 52 54 255 46 52 54 255 46 52 54 255 0 0 0 0 0 0 0 0 0 0 0 0 0 0 0 0 0 0 0 0 0 0 0 0 46 52 54 255 46 52 54 255 46 52 54 255 46 52 54 255 46 52 54 255 46 52 54 255 0 0 0 0 0 0 0 0 0 0 0 0 0 0 0 0 0 0 0 0 0 0 0 0 0 0 0 0 
0 0 0 0 0 0 0 0 0 0 0 0 0 0 0 0 0 0 0 0 0 0 0 0 0 0 0 0 46 52 54 255 46 52 54 255 46 52 54 255 46 52 54 255 46 52 54 255 0 0 0 0 0 0 0 0 0 0 0 0 0 0 0 0 0 0 0 0 0 0 0 0 0 0 0 0 0 0 0 0 46 52 54 255 46 52 54 255 46 52 54 255 46 52 54 255 46 52 54 255 0 0 0 0 0 0 0 0 0 0 0 0 0 0 0 0 0 0 0 0 0 0 0 0 0 0 0 0 
0 0 0 0 0 0 0 0 0 0 0 0 0 0 0 0 0 0 0 0 0 0 0 0 0 0 0 0 46 52 54 255 46 52 54 255 46 52 54 255 46 52 54 255 46 52 54 255 0 0 0 0 0 0 0 0 0 0 0 0 0 0 0 0 0 0 0 0 0 0 0 0 0 0 0 0 0 0 0 0 46 52 54 255 46 52 54 255 46 52 54 255 46 52 54 255 46 52 54 255 0 0 0 0 0 0 0 0 0 0 0 0 0 0 0 0 0 0 0 0 0 0 0 0 0 0 0 0 
0 0 0 0 0 0 0 0 0 0 0 0 0 0 0 0 0 0 0 0 0 0 0 0 0 0 0 0 46 52 54 255 46 52 54 255 46 52 54 255 46 52 54 255 0 0 0 0 0 0 0 0 0 0 0 0 0 0 0 0 0 0 0 0 0 0 0 0 0 0 0 0 0 0 0 0 0 0 0 0 0 0 0 0 46 52 54 255 46 52 54 255 46 52 54 255 46 52 54 255 0 0 0 0 0 0 0 0 0 0 0 0 0 0 0 0 0 0 0 0 0 0 0 0 0 0 0 0 
0 0 0 0 0 0 0 0 0 0 0 0 0 0 0 0 0 0 0 0 0 0 0 0 0 0 0 0 46 52 54 255 46 52 54 255 46 52 54 255 46 52 54 255 0 0 0 0 0 0 0 0 0 0 0 0 0 0 0 0 0 0 0 0 0 0 0 0 0 0 0 0 0 0 0 0 0 0 0 0 0 0 0 0 46 52 54 255 46 52 54 255 46 52 54 255 46 52 54 255 0 0 0 0 0 0 0 0 0 0 0 0 0 0 0 0 0 0 0 0 0 0 0 0 0 0 0 0 
0 0 0 0 0 0 0 0 0 0 0 0 0 0 0 0 0 0 0 0 0 0 0 0 46 52 54 255 46 52 54 255 46 52 54 255 46 52 54 255 0 0 0 0 0 0 0 0 0 0 0 0 0 0 0 0 0 0 0 0 0 0 0 0 0 0 0 0 0 0 0 0 0 0 0 0 0 0 0 0 0 0 0 0 0 0 0 0 46 52 54 255 46 52 54 255 46 52 54 255 46 52 54 255 0 0 0 0 0 0 0 0 0 0 0 0 0 0 0 0 0 0 0 0 0 0 0 0 
0 0 0 0 0 0 0 0 0 0 0 0 0 0 0 0 0 0 0 0 0 0 0 0 46 52 54 255 46 52 54 255 46 52 54 255 46 52 54 255 0 0 0 0 0 0 0 0 0 0 0 0 0 0 0 0 0 0 0 0 0 0 0 0 0 0 0 0 0 0 0 0 0 0 0 0 0 0 0 0 0 0 0 0 0 0 0 0 46 52 54 255 46 52 54 255 46 52 54 255 46 52 54 255 0 0 0 0 0 0 0 0 0 0 0 0 0 0 0 0 0 0 0 0 0 0 0 0 
0 0 0 0 0 0 0 0 0 0 0 0 0 0 0 0 0 0 0 0 46 52 54 255 46 52 54 255 46 52 54 255 46 52 54 255 0 0 0 0 0 0 0 0 0 0 0 0 0 0 0 0 0 0 0 0 0 0 0 0 0 0 0 0 0 0 0 0 0 0 0 0 0 0 0 0 0 0 0 0 0 0 0 0 0 0 0 0 0 0 0 0 46 52 54 255 46 52 54 255 46 52 54 255 46 52 54 255 0 0 0 0 0 0 0 0 0 0 0 0 0 0 0 0 0 0 0 0 
0 0 0 0 0 0 0 0 0 0 0 0 0 0 0 0 0 0 0 0 46 52 54 255 46 52 54 255 46 52 54 255 46 52 54 255 0 0 0 0 0 0 0 0 0 0 0 0 0 0 0 0 0 0 0 0 0 0 0 0 0 0 0 0 0 0 0 0 0 0 0 0 0 0 0 0 0 0 0 0 0 0 0 0 0 0 0 0 0 0 0 0 46 52 54 255 46 52 54 255 46 52 54 255 46 52 54 255 0 0 0 0 0 0 0 0 0 0 0 0 0 0 0 0 0 0 0 0 
0 0 0 0 0 0 0 0 0 0 0 0 0 0 0 0 0 0 0 0 46 52 54 255 46 52 54 255 46 52 54 255 0 0 0 0 0 0 0 0 0 0 0 0 0 0 0 0 0 0 0 0 0 0 0 0 0 0 0 0 0 0 0 0 0 0 0 0 0 0 0 0 0 0 0 0 0 0 0 0 0 0 0 0 0 0 0 0 0 0 0 0 0 0 0 0 46 52 54 255 46 52 54 255 46 52 54 255 0 0 0 0 0 0 0 0 0 0 0 0 0 0 0 0 0 0 0 0 
0 0 0 0 0 0 0 0 0 0 0 0 0 0 0 0 0 0 0 0 46 52 54 255 46 52 54 255 46 52 54 255 0 0 0 0 0 0 0 0 0 0 0 0 0 0 0 0 0 0 0 0 0 0 0 0 0 0 0 0 0 0 0 0 0 0 0 0 0 0 0 0 0 0 0 0 0 0 0 0 0 0 0 0 0 0 0 0 0 0 0 0 0 0 0 0 46 52 54 255 46 52 54 255 46 52 54 255 0 0 0 0 0 0 0 0 0 0 0 0 0 0 0 0 0 0 0 0 
0 0 0 0 0 0 0 0 0 0 0 0 0 0 0 0 0 0 0 0 0 0 0 0 0 0 0 0 0 0 0 0 0 0 0 0 0 0 0 0 0 0 0 0 0 0 0 0 0 0 0 0 0 0 0 0 0 0 0 0 0 0 0 0 0 0 0 0 0 0 0 0 0 0 0 0 0 0 0 0 0 0 0 0 0 0 0 0 0 0 0 0 0 0 0 0 0 0 0 0 0 0 0 0 0 0 0 0 0 0 0 0 0 0 0 0 0 0 0 0 0 0 0 0 0 0 0 0 

